ISS (ZARYA)             
1 25544U 98067A   26122.13533514  .00007461  00000+0  14312-3 0  9999
2 25544  51.6309 168.0490 0007234  13.9157 346.2029 15.49057929564615
POISK                   
1 36086U 09060A   26122.13533514  .00007461  00000+0  14312-3 0  9997
2 36086  51.6309 168.0490 0007234  13.9157 346.2029 15.49057929564652
CSS (TIANHE)            
1 48274U 21035A   26121.78450868  .00021864  00000+0  23571-3 0  9995
2 48274  41.4675 244.4722 0005904 312.5812  47.4529 15.63133362285918
ISS (NAUKA)             
1 49044U 21066A   26122.13533514  .00007461  00000+0  14312-3 0  9995
2 49044  51.6309 168.0490 0007234  13.9157 346.2029 15.49057929564694
FREGAT DEB              
1 49271U 11037PF  26121.76548620  .00009591  00000+0  14791-1 0  9991
2 49271  51.6390 141.3647 0936859 180.8839 179.0382 12.41182830219284
CSS (WENTIAN)           
1 53239U 22085A   26121.78636292  .00064662  00000+0  69156-3 0  9997
2 53239  41.4673 244.4872 0002651 316.4098  43.6532 15.62947361286255
CSS (MENGTIAN)          
1 54216U 22143A   26121.78450868  .00021864  00000+0  23571-3 0  9999
2 54216  41.4675 244.4722 0005904 312.5812  47.4529 15.63133362286057
TIANZHOU-9              
1 64786U 25149A   26121.78450868  .00021864  00000+0  23571-3 0  9991
2 64786  41.4675 244.4722 0005904 312.5812  47.4529 15.63133362286061
HRC MONOBLOCK CAMERA    
1 66052U 98067XR  26121.82268170  .00053946  00000+0  47745-3 0  9991
2 66052  51.6249 156.1909 0005086   1.1197 358.9810 15.68066084 30716
HTV-X1                  
1 66174U 25241A   26122.13952722  .00013819  00000+0  15362-3 0  9993
2 66174  51.6343 173.2428 0007317  15.5839 344.5379 15.63182100 29142
SZ-21 MODULE            
1 66515U 25246C   26121.65728474  .00047358  00000+0  34162-3 0  9992
2 66515  41.4737 236.2778 0003313   3.4411 356.6454 15.72691585 26403
SHENZHOU-22             
1 66645U 25272A   26121.78450868  .00021864  00000+0  23571-3 0  9994
2 66645  41.4675 244.4722 0005904 312.5812  47.4529 15.63133362286078
SOYUZ-MS 28             
1 66664U 25275A   26122.13533514  .00007461  00000+0  14312-3 0  9998
2 66664  51.6309 168.0490 0007234  13.9157 346.2029 15.49057929564938
DUPLEX                  
1 66906U 98067XS  26121.82654734  .00022913  00000+0  28905-3 0  9991
2 66906  51.6275 162.9838 0005500   7.7381 352.3696 15.59469302 23416
ISS OBJECT XT           
1 66907U 98067XT  26121.77731916  .00962563  48286-3  15242-2 0  9999
2 66907  51.6137 149.7423 0009784  23.6556 336.4903 16.03161980 23589
ISS OBJECT XU           
1 66908U 98067XU  26122.07386547  .00905669  43179-3  13243-2 0  9999
2 66908  51.6130 147.9623 0009607  24.7355 335.4116 16.04474044 23638
ISS OBJECT XW           
1 66910U 98067XW  26122.05213727  .00480596  10330-3  12554-2 0  9993
2 66910  51.6140 149.3405 0010938  21.7997 338.3474 15.94251700 23611
ISS OBJECT XY           
1 66912U 98067XY  26122.12794167  .00148568  00000+0  92288-3 0  9997
2 66912  51.6223 154.4503 0008328  19.5919 340.5399 15.75975445 23541
KNACKSAT-2              
1 67683U 98067XZ  26121.39473065  .00052169  00000+0  73373-3 0  9997
2 67683  51.6293 169.1056 0012649  24.1266 336.0316 15.56061539 12982
CORAL                   
1 67684U 98067YA  26121.83865441  .00099491  00000+0  10242-2 0  9994
2 67684  51.6255 164.5624 0016563  20.7816 339.3848 15.63884788 13088
GXIBA-1                 
1 67685U 98067YB  26122.13939669  .00044600  00000+0  60621-3 0  9992
2 67685  51.6282 165.0761 0014604  24.7575 335.4114 15.57019151 13100
UITMSAT-2               
1 67686U 98067YC  26122.15875885  .00061920  00000+0  78449-3 0  9995
2 67686  51.6275 164.4594 0011715   7.5993 352.5175 15.58796917 13114
HMU-SAT2                
1 67687U 98067YD  26122.15112361  .00040982  00000+0  56664-3 0  9999
2 67687  51.6282 165.1606 0010875   7.9256 352.1906 15.56654049 13022
LEOPARD                 
1 67688U 98067YE  26122.11499897  .00050202  00000+0  65813-3 0  9990
2 67688  51.6283 164.9195 0011291   7.3885 352.7271 15.57984387 13022
CREW DRAGON 12          
1 67796U 26031A   26122.13533514  .00007461  00000+0  14312-3 0  9996
2 67796  51.6309 168.0490 0007234  13.9157 346.2029 15.49057929564812
PROGRESS-MS 33          
1 68319U 26058A   26122.13533514  .00007461  00000+0  14312-3 0  9997
2 68319  51.6309 168.0490 0007234  13.9157 346.2029 15.49057929  6321
CYGNUS NG-24            
1 68689U 26079A   26121.81277072  .00006771  00000+0  13067-3 0  9997
2 68689  51.6311 169.6452 0007226  12.7206 347.3964 15.49051775  3243
PROGRESS-MS 34          
1 68837U 26093A   26121.81277072  .00006771  00000+0  13067-3 0  9998
2 68837  51.6311 169.6452 0007226  12.7206 347.3964 15.49051775   740
